  61.665
  60.663
  60.804
  62.271
  64.817
  67.636
  69.690
  70.329
  69.565
  67.829
  65.640
  63.452
  46.519
  47.373
  47.140
  46.051
  44.467
  42.743
  41.209
  40.193
  40.001
  40.825
  42.566
  44.718
  36.456
  35.081
  33.651
  32.451
  31.766
  31.838
  32.761
  34.350
  36.102
  37.407
  37.876
  37.485
  36.456
  33.416
  32.039
  30.833
  30.072
  30.001
  30.742
  32.169
  33.851
  35.205
  35.807
  35.575
  34.687
  33.416
  25.172
  25.474
  26.448
  27.841
  29.193
  30.051
  30.202
  29.698
  28.741
  27.567
  26.419
  22.044
  22.987
  24.226
  25.347
  25.990
  26.016
  25.496
  24.610
  23.568
  22.584
  21.881
  21.661
  22.044
  21.156
  22.181
  22.817
  22.913
  22.510
  21.757
  20.835
  19.938
  19.269
  19.012
  19.287
  20.073
  21.156
