   0.277
   0.274
   0.285
   0.306
   0.332
   0.356
   0.372
   0.375
   0.364
   0.343
   0.317
   0.293
   0.375
   0.372
   0.357
   0.333
   0.307
   0.285
   0.274
   0.277
   0.292
   0.316
   0.342
   0.364
   0.318
   0.294
   0.277
   0.274
   0.284
   0.305
   0.331
   0.355
   0.372
   0.375
   0.365
   0.344
   0.318
   0.296
   0.279
   0.274
   0.282
   0.302
   0.328
   0.353
   0.370
   0.375
   0.367
   0.347
   0.321
   0.296
   0.295
   0.319
   0.345
   0.366
   0.375
   0.371
   0.354
   0.330
   0.304
   0.283
   0.274
   0.328
   0.353
   0.370
   0.375
   0.367
   0.347
   0.321
   0.296
   0.279
   0.274
   0.282
   0.302
   0.328
   0.370
   0.376
   0.368
   0.348
   0.322
   0.297
   0.279
   0.274
   0.282
   0.301
   0.327
   0.352
   0.370
