   0.807
   0.822
   0.838
   0.853
   0.862
   0.862
   0.854
   0.840
   0.823
   0.808
   0.800
   0.799
   0.815
   0.801
   0.782
   0.765
   0.753
   0.749
   0.755
   0.769
   0.787
   0.805
   0.817
   0.821
   0.720
   0.709
   0.708
   0.717
   0.734
   0.753
   0.771
   0.782
   0.783
   0.774
   0.757
   0.737
   0.720   
   0.699
   0.696
   0.703
   0.719
   0.739
   0.758
   0.770
   0.773
   0.766
   0.750
   0.730
   0.711
   0.699
   0.694
   0.715
   0.732
   0.740
   0.738
   0.725
   0.705
   0.684
   0.668
   0.659
   0.662
   0.687
   0.704
   0.710
   0.706
   0.691
   0.670
   0.648
   0.632
   0.626
   0.630
   0.645
   0.666
   0.687
   0.683
   0.680
   0.666
   0.645
   0.622
   0.605
   0.597
   0.600
   0.614
   0.635
   0.657
   0.675
   0.683
